655
1036
1871
2071
2076
3222
4999
5166
5254
5400
5590
5705
7079
7415
7453
8219
9092
9595
9981
9990
10598
10670
11147
11826
12757
13008
15831
16050
17260
18308
18637
19576
20974
21291
21666
21916
22571
23721
23779
24043
24293
24324
25465
25540
25750
27297
27444
28469
28647
29356
29672
30310
30322
31008
31535
31675
31923
32383
32818
34651
36845
38555
39315
39365
40240
42169
42706
43301
43404
44028
44390
45047
45975
46135
48879
50784
50793
55338
55400
55874
56479
56537
56829
57882
58827
59098
59456
60325
62234
63269
63485
63492
63507
64747
67161
68910
68911
73038
75491
76390
77873
78862
79820
80457
80458
80802
80928
81331
81449
83193
83246
84818
85777
85869
86546
86679
87143
87381
87517
88923
89460
90965
91221
91724
92982
94081
95062
96011
96499
96643
98037
98219
98846
99415
99436
99867
100959
101132
102392
103188
103431
103803
103961
104621
104747
105787
105829
105933
106028
107680
109367
109587
110736
111090
111733
112905
113226
113902
113973
115265
115501
115964
116052
116057
116155
116433
116935
117207
117913
120146
121746
122239
122510
122644
122911
123065
123136
124886
126980
127280
127601
128954
128963
129006
129318
129604
129835
131022
131077
131141
132846
133514
134497
134805
135623
137290
138851
138980
139251
139259
139462
139677
139747
141321
141328
141856
142194
143457
145152
145208
145564
145928
146023
146097
146124
146178
146384
146469
147022
148589
148914
149744
150985
151241
152046
152334
152361
153709
153712
153976
153995
154086
154174
155570
158673
159102
159744
159794
160230
161931
164698
164764
165578
166214
167676
168339
168470
168478
168888
169255
170170
170715
171042
171092
171094
171841
172104
172123
172985
177362
177395
177937
179849
180374
181866
182003
183712
184175
184618
184666
186077
186500
188469
189727
190436
192025
194718
195596
197419
197653
197666
198665
199801
199937
202822
203996
204343
204427
204468
205689
206153
206620
210560
211303
211362
212422
213546
213734
214147
214760
215107
215443
216330
216530
217019
217310
217611
218394
220410
221327
222310
222815
223238
225483
225883
225908
227310
228510
228595
229670
231190
231548
231714
231722
231889
232069
232699
235703
235833
235997
236100
236775
237702
238166
239519
240858
241139
241325
242880
245991
246165
246360
246471
246496
248267
248803
249571
249688
250076
250086
250349
250939
250958
251017
251073
254600
254606
254693
255227
257949
258180
258195
258375
258879
259069
260006
260387
261760
262669
265092
265241
266452
267518
268726
270292
272048
272058
272070
272320
274906
275184
276013
276537
277321
279013
279170
279259
279355
279570
279591
279666
279715
279779
279811
279862
279872
279965
280027
280036
280066
280377
280552
282385
284319
285015
285130
286321
286339
286850
286987
289871
290468
292987
293508
294548
295484
296416
296810
297629
300532
300737
301172
301545
305468
308987
309288
309367
310038
310294
310595
311044
313743
314237
315983
316004
318567
320675
323042
323467
323694
324430
324828
324855
325153
325276
325596
326278
327115
327124
328042
328874
330094
332260
332520
332582
332994
333434
333602
334280
336610
336613
339074
340793
341403
341771
341890
341923
342042
342065
342095
343191
343424
343803
343909
344133
344341
344367
344411
345032
345046
345061
345420
345793
345887
346821
346822
346823
347201
348163
349036
349503
349787
349986
350016
350117
350431
352310
352528
353611
353626
353763
353793
354325
354890
355019
355440
355577
355864
356020
358666
358748
359071
359149
359159
359679
359838
359945
360013
360036
360842
361732
